170605676679,9.51217081
170605676708,10.022690333
170605676722,10.341583874
170605676732,10.649616185
170605676743,10.925620522
170605676760,11.261699788
170605676776,11.550228581
170605676789,11.810235732
170605676801,12.064243795
170605676813,12.31276287
170605676823,12.553041678
170605676833,12.779442336
170605676843,13.016267495
170605676854,13.264192437
170605676865,13.537278969
170605676877,13.797288428
170605676887,14.032170107
170605676903,14.413055767
170605676913,14.649418659
170605676925,14.917794367
170605676935,15.146802371
170605676954,15.445767725
170605676968,15.717216333
170605676980,15.983877555
170605676990,16.231973291
170605676999,16.517290927
170605677011,16.864863675
170605677021,17.144967866
170605677031,17.465038305
170605677041,17.776959552
170605677052,18.072992237
170605677063,18.379445728
170605677076,18.692312195
170605677086,18.990977985
170605677098,19.353620931
170605677110,19.71571397
170605677119,19.974718578
170605677130,20.280089939
170605677139,20.586624284
170605677149,20.840469145
170605677159,21.155251225
170605677170,21.465402546
170605677179,21.776287656
170605677190,22.071527039
170605677202,22.437201741
170605677213,22.783764197
170605677224,23.118100593
170605677235,23.449050431
170605677247,23.789395311
170605677268,24.230869778
170605677282,24.64250518
170605677292,24.973631999
170605677302,25.298324665
170605677313,25.630946402
170605677324,25.979261658
170605677335,26.328638676
170605677346,26.672232463
170605677356,26.991537798
170605677367,27.337461632
170605677378,27.706325165
170605677390,28.062224382
170605677400,28.40112433
170605677412,28.772467661
170605677422,29.111009195
170605677433,29.467030245
170605677445,29.823220885
170605677457,30.086519127
170605677466,30.336307418
170605677478,30.711649351
170605677488,30.977172305
170605677498,31.232635699
170605677510,31.593557159
170605677522,31.966911139
170605677534,32.356446015
170605677548,32.779660989
170605677559,33.135102943
170605677582,33.462307267
170605677594,33.747364653
170605677604,34.021705014
170605677614,34.28293873
170605677625,34.60724929
170605677638,34.969562743
170605677651,35.362486655
170605677661,35.705643828
170605677673,36.076974249
170605677683,36.419476666
170605677695,36.795604488
170605677706,37.146524805
170605677716,37.494443063
170605677727,37.855306436
170605677738,38.214800615
170605677749,38.57086292
170605677761,38.864734023
170605677772,39.211084669
170605677783,39.574629624
170605677794,39.954707679
170605677806,40.33603559
170605677818,40.717489937
170605677829,41.080468453
170605677840,41.446313584
170605677852,41.82269113
170605677864,42.202685098
170605677884,42.553673239
170605677894,42.826895637
170605677904,43.10359724
170605677915,43.378368828
170605677924,43.646031685
170605677934,43.931957607
170605677947,44.293714591
170605677958,44.622636209
170605677974,45.05605201
170605677990,45.466901679
170605678002,45.761363222
170605678013,46.032586882
170605678023,46.268683453
170605678035,46.511696155
170605678044,46.73767125
170605678056,46.998804401
170605678067,47.264021096
170605678076,47.481856961
170605678087,47.730727475
170605678104,48.08208239
170605678116,48.377189467
170605678130,48.722125383
170605678142,48.971134936
170605678153,49.227787914
170605678163,49.465633656
170605678172,49.71122711
170605678190,50.076418502
170605678205,50.405924748
170605678216,50.692451604
170605678226,51.021665005
170605678237,51.358140564
170605678248,51.703495243
170605678258,52.035278923
170605678268,52.334443962
170605678278,52.630302038
170605678287,52.886011297
170605678298,53.192482294
170605678308,53.494732826
170605678317,53.726333382
170605678326,53.973476895
170605678337,54.299553792
170605678347,54.603522895
170605678358,54.889166617
170605678369,55.246709752
170605678382,55.630039001
170605678394,56.0319067
170605678406,56.36794548
170605678418,56.694592857
170605678427,56.931154046
170605678437,57.197137756
170605678449,57.545794132
170605678461,57.87767719
170605678472,58.226084905
170605678495,58.724438305
170605678509,59.133538482
170605678520,59.490453797
170605678532,59.850097339
170605678543,60.201261816
170605678554,60.571094638
170605678565,60.902948758
170605678576,61.261724914
170605678587,61.618297067
170605678600,61.998574524
170605678612,62.303499148
170605678622,62.63853901
170605678633,62.979307074
170605678644,63.339440778
170605678655,63.626257287
170605678666,63.931068962
170605678677,64.283206296
170605678688,64.596665403
170605678698,64.942297183
170605678709,65.312174357
170605678721,65.677205231
170605678732,66.033244481
170605678741,66.337285813
170605678751,66.649028636
170605678762,66.95453352
170605678772,67.228762632
170605678793,67.704384488
170605678808,68.096308275
170605678822,68.510463355
170605678833,68.860251306
170605678845,69.255751354
170605678855,69.508685034
170605678864,69.776672686
170605678876,70.134027076
170605678888,70.509390984
170605678901,70.874214473
170605678914,71.285219048
170605678927,71.672702755
170605678939,72.065383113
170605678952,72.425925259
170605678967,72.864160632
170605678979,73.238109788
170605678992,73.634564159
170605679004,73.982499441
170605679014,74.33187447
170605679026,74.687219897
170605679036,75.024876081
170605679047,75.379128989
170605679060,75.743390764
170605679071,76.023527016
170605679081,76.289492234
170605679091,76.581111379
170605679117,77.071771951
170605679131,77.437977002
170605679140,77.698024602
170605679150,77.976277394
170605679163,78.314649374
170605679177,78.697949699
170605679189,79.018039679
170605679201,79.323262389
170605679214,79.650624603
170605679231,80.083878962
170605679245,80.456225764
170605679259,80.821398893
170605679273,81.175783412
170605679286,81.487922529
170605679299,81.797997257
170605679313,82.162337191
170605679326,82.483848057
170605679337,82.780857974
170605679349,83.048505204
170605679360,83.338890526
170605679370,83.652637
170605679380,83.943301317
170605679390,84.238939277
170605679400,84.544057119
170605679410,84.842481043
170605679434,85.306905992
170605679448,85.698379306
170605679458,85.985727686
170605679468,86.269895234
170605679478,86.569875771
170605679490,86.916428278
170605679502,87.290994381
170605679513,87.636106825
170605679524,87.995455019
170605679536,88.38334342
170605679548,88.766218643
170605679558,89.100970365
170605679570,89.499540959
170605679581,89.86815045
170605679593,90.245554934
170605679603,90.584106001
170605679615,90.94755611
170605679628,91.354564103
170605679640,91.695889382
170605679651,92.035786055
170605679661,92.360079167
170605679671,92.674554431
170605679682,93.002872307
170605679692,93.326290317
170605679703,93.666891085
170605679713,94.000549332
170605679724,94.333107781
170605679745,94.834896245
170605679762,95.294672715
170605679773,95.622614068
170605679784,95.951682082
170605679795,96.291350195
170605679805,96.621689087
170605679817,96.988831999
170605679827,97.333927036
170605679838,97.682885332
170605679850,98.046354249
170605679862,98.421554913
170605679872,98.76921887
170605679883,99.130056075
170605679895,99.507521146
170605679905,99.83505943
170605679915,100.17546451
170605679926,100.53488147
170605679937,100.877125125
170605679950,101.240721555
170605679962,101.57756705
170605679973,101.882795409
170605679985,102.182985777
170605679996,102.483594506
170605680008,102.865586764
170605680019,103.259752039
170605680034,103.705147309
170605680045,104.065046986
170605680065,104.470015619
170605680078,104.807313706
170605680082,104.908884174
170605680086,104.963646728
170605680091,104.99664652
170605680095,105.028867412
170605680099,105.060661709
170605680103,105.093519322
170605680108,105.125053671
170605680112,105.152607228
170605680116,105.185955636
170605680120,105.219475836
170605680125,105.251573316
170605680129,105.282442627
170605680133,105.314846354
170605680138,105.350043984
170605680143,105.385263467
170605680147,105.418095799
170605680157,105.635363445
170605680162,105.74190792
170605680166,105.781707439
170605680176,105.995718471
170605680187,106.264858661
170605680199,106.598343965
170605680210,106.906839033
170605680221,107.270579865
170605680233,107.636840577
170605680245,108.010299126
170605680256,108.360356538
170605680268,108.729142718
170605680280,109.097268852
170605680292,109.489846748
170605680302,109.814285891
170605680308,109.96032231
170605680313,109.994970636
170605680323,110.232132117
170605680333,110.537244101
170605680343,110.838166099
170605680372,111.448471194
170605680384,111.772966012
170605680398,112.107438307
170605680409,112.361711447
170605680421,112.650369094
170605680433,112.941629342
170605680444,113.205386314
170605680458,113.528884509
170605680470,113.793623005
170605680481,114.046914347
170605680494,114.343171044
170605680505,114.630583766
170605680517,114.879692132
170605680526,115.099677297
170605680536,115.27841405
170605680546,115.465536364
170605680557,115.725178607
170605680567,115.9839044
170605680577,116.282190052
170605680588,116.621802316
170605680600,116.997583394
170605680611,117.362194265
170605680622,117.703394743
170605680633,118.046842828
170605680643,118.370208062
170605680657,118.733407574
170605680667,119.044617232
170605680686,119.444701227
170605680700,119.810156521
170605680713,120.164081756
170605680726,120.591333832
170605680738,120.942481016
170605680750,121.342240552
170605680763,121.731402633
170605680773,121.996497265
170605680783,122.263576414
170605680794,122.560552751
170605680808,122.976842444
170605680820,123.354912673
170605680831,123.739260502
170605680843,124.132679978
170605680853,124.481770123
170605680864,124.798760973
170605680874,125.135227154
170605680885,125.486897372
170605680896,125.837033852
170605680906,126.158896234
170605680918,126.509913479
170605680929,126.863879155
170605680940,127.219041623
170605680954,127.62311313
170605680964,127.959874336
170605680978,128.35238895
170605680990,128.695832615
170605681007,128.952444371
170605681018,129.237708184
170605681029,129.520995051
170605681040,129.832509051
170605681053,130.230242447
170605681063,130.499010525
170605681073,130.774091
170605681085,131.093226731
170605681097,131.420444358
170605681106,131.660503399
170605681116,131.937767869
170605681126,132.204110926
170605681136,132.442287927
170605681146,132.710860556
170605681161,133.150240473
170605681172,133.461289245
170605681182,133.777634539
170605681192,134.090125014
170605681202,134.3875254
170605681213,134.708818084
170605681223,135.025274043
170605681234,135.349546114
170605681245,135.699814304
170605681255,136.023906237
170605681265,136.372065351
170605681276,136.728686816
170605681288,137.037230292
170605681301,137.260569984
170605681317,137.504075348
170605681327,137.769938713
170605681337,138.022513349
170605681347,138.283355834
170605681357,138.550019936
170605681372,139.045216833
170605681382,139.376241886
170605681393,139.722823876
170605681404,140.0588124
170605681415,140.380846233
170605681425,140.712540967
170605681436,141.047884629
170605681449,141.444179251
170605681460,141.766660951
170605681470,142.04404899
170605681482,142.421190473
170605681494,142.785634781
170605681505,143.128065276
170605681515,143.458323806
170605681525,143.784192835
170605681539,144.258920154
170605681556,144.834797905
170605681571,145.276043201
170605681585,145.613142097
170605681603,146.11315097
170605681617,146.47239816
170605681641,146.895157898
170605681655,147.14490689
170605681668,147.484520306
170605681686,147.91777332
170605681699,148.26215623
170605681712,148.545712577
170605681724,148.882503982
170605681735,149.130134076
170605681746,149.363503131
170605681757,149.610314519
170605681769,149.884325269
170605681780,150.222303587
170605681790,150.514271181
170605681800,150.822951945
170605681811,151.111560611
170605681820,151.421131525
170605681831,151.728264194
170605681840,152.04021161
170605681850,152.352139244
170605681861,152.666729972
170605681871,152.979044672
170605681881,153.307553375
170605681892,153.622860439
170605681902,153.95227474
170605681912,154.205304305
170605681922,154.458969963
170605681936,154.727493071
170605681956,155.078312481
170605681966,155.326729786
170605681975,155.574488582
170605681985,155.820759815
170605681995,156.071092861
170605682004,156.368683665
170605682017,156.707981035
170605682027,157.029317117
170605682038,157.339123962
170605682048,157.646840861
170605682058,157.973521035
170605682068,158.280619177
170605682078,158.581583734
170605682088,158.892603927
170605682098,159.202307484
170605682108,159.515481543
170605682119,159.83735569
170605682131,160.111913649
170605682141,160.345709964
170605682153,160.58850707
170605682165,160.834404989
170605682177,161.077960063
170605682190,161.327041834
170605682207,161.701243322
170605682223,162.051097337
170605682239,162.424407711
170605682257,162.924466547
170605682277,163.310156246
170605682291,163.652392261
170605682303,163.951882188
170605682313,164.229814928
170605682327,164.644569385
170605682338,164.99680199
170605682351,165.389592876
170605682362,165.75495507
170605682374,166.132914835
170605682386,166.513203833
170605682399,166.917111037
170605682409,167.167600298
170605682420,167.470618469
170605682431,167.828325372
170605682443,168.203006699
170605682454,168.496890585
170605682464,168.757618605
170605682474,168.990927695
170605682484,169.273541494
170605682493,169.528249246
170605682504,169.80756149
170605682517,170.217905367
170605682531,170.613835903
170605682542,171.000444564
170605682554,171.392284523
170605682565,171.756257742
170605682577,172.139460364
170605682597,172.581890234
170605682615,173.123942836
170605682628,173.480897374
170605682644,173.867938547
170605682658,174.243329804
170605682672,174.658564662
170605682689,175.192066497
170605682709,175.773319835
170605682725,176.284724861
170605682739,176.72616548
170605682753,177.18772563
170605682767,177.643367843
170605682781,178.010905371
170605682795,178.340583696
170605682808,178.688775021
170605682822,179.030102464
170605682837,179.384204782
170605682852,179.737964975
170605682867,180.122447247
170605682883,180.435056467
170605682900,180.834670895
170605682935,181.489198352
170605682949,181.857959793
170605682965,182.191392706
170605682981,182.651356332
170605682996,183.141856767
170605683011,183.636110393
170605683026,184.122045502
170605683040,184.618331113
170605683055,185.110735715
170605683070,185.597898647
170605683085,186.096675794
170605683100,186.59416262
170605683115,187.08456979
170605683129,187.563079795
170605683144,188.027719238
170605683158,188.496534585
170605683173,188.981123227
170605683188,189.46319367
170605683203,189.94656611
170605683234,190.666942867
170605683248,191.064105165
170605683263,191.536051291
170605683278,192.037995185
170605683293,192.544646639
170605683304,192.903950228
170605683316,193.261437329
170605683327,193.627307365
170605683337,193.891596823
170605683348,194.159558761
170605683358,194.421118167
170605683368,194.68193463
170605683378,194.94461451
170605683388,195.211702356
170605683399,195.530791403
170605683409,195.849047672
170605683420,196.181716583
170605683431,196.522601323
170605683442,196.879347635
170605683456,197.221802565
170605683466,197.492954337
170605683478,197.804793302
170605683500,198.126666812
170605683511,198.394708308
170605683523,198.768558211
170605683535,199.138963163
170605683547,199.513107734
170605683558,199.877037166
170605683569,200.210835671
170605683581,200.596088872
170605683592,200.943902167
170605683603,201.321718308
170605683615,201.687674
170605683625,202.019151047
170605683636,202.357048856
170605683646,202.625048025
170605683656,202.893113709
170605683665,203.168265171
170605683676,203.482380757
170605683686,203.785016688
170605683697,204.113890152
170605683707,204.370198741
170605683718,204.651870274
170605683729,204.916587784
170605683739,205.173044258
170605683748,205.430193568
170605683758,205.692853874
170605683767,205.943524255
170605683776,206.192327313
170605683788,206.469007107
170605683802,206.718602496
170605683818,207.066629018
170605683828,207.350745499
170605683838,207.616793713
170605683851,207.958267332
170605683861,208.23957047
170605683880,208.843096718
170605683897,209.41833508
170605683911,209.877927209
170605683921,210.183833707
170605683932,210.481893726
170605683941,210.732949626
170605683957,211.135012877
170605683966,211.384401618
170605683977,211.672807436
170605683988,211.935814586
170605684001,212.18996585
170605684011,212.431534616
170605684024,212.693593162
170605684035,212.970283028
170605684047,213.237849299
170605684059,213.501700509
170605684070,213.756800109
170605684081,214.019825995
170605684091,214.260517941
170605684105,214.497360697
170605684126,214.783910736
170605684140,215.072121993
170605684151,215.317614987
170605684162,215.566570474
170605684176,215.938431682
170605684180,216.045866299
170605684190,216.284902552
170605684202,216.624973103
170605684214,216.996310031
170605684225,217.367048852
170605684242,217.792100139
170605684254,218.109854817
170605684267,218.525661967
170605684279,218.871568912
170605684291,219.232172576
170605684303,219.594145731
170605684314,219.937313798
170605684326,220.24310598
170605684331,220.34457252
170605684335,220.381021814
170605684345,220.588203152
170605684356,220.881194213
170605684369,221.266627275
170605684380,221.609008309
170605684391,221.985970126
170605684403,222.312723911
170605684412,222.563235055
170605684417,222.692436394
170605684439,223.049976969
170605684446,223.163752541
170605684452,223.200448912
170605684464,223.457229697
170605684476,223.809514435
170605684487,224.119251043
170605684498,224.425490202
170605684511,224.795364635
170605684522,225.090435367
170605684536,225.516581266
170605684548,225.88016655
170605684562,226.308407008
170605684573,226.666968064
170605684586,227.046974815
170605684596,227.328895579
170605684606,227.599398132
